Techniques=Tritone@tritone.fx

[tritone.fx]
ShadowColor= 0.01823, 0.07441, 0.13502;
MidtoneColor= 0.4292, 0.51792, 0.51899;
HighlightColor=0.903, 0.82458, 0.65531;
BlendOriginalAmount  = 5;
